-49.105522880181205
-78.88341879394541
-95.3728579762049
-95.99880571004276
-80.69337993868659
-51.90168339447737
-14.19124256181544
26.472569852394297
63.67018695015133
91.54130006074372
105.70811854073713
103.96298304047083
86.61233268076677
56.42344337129307
18.183116829313427
-22.06130874385181
-57.95828414426825
-83.85447799986132
-95.68510134280994
-91.61191449551816
-72.30877851451578
-40.85040558553583
-2.222639801383763
37.46773851906014
71.95845041506362
95.81976938779434
105.30929316110436
98.95887523362524
77.80167017213482
45.20419596378609
6.330688891414881
-32.67502792511806
-65.6605533844157
-87.43533041880539
-94.58741604084292
-86.01807641585867
-63.11044961721247
-29.50640623683956
9.472409904452245
47.66732638762686
79.0557149288876
98.70064642271672
103.52738581449712
92.80459913096783
68.25496785598781
33.778512336697496
-5.166952118632484
-42.429811559015214
-72.13632867674538
-89.61651658457627
-92.13826650497813
-79.33432573373105
-53.25540410001431
-18.041794183345004
20.733921717475766
56.948732354028536
84.89607240057322
100.18503377640816
100.43022083025106
85.62386888951582
58.13218460071712
22.317257158653504
-16.15505457354828
-51.21144735124356
-77.32991530942796
-90.40955962931751
-88.41445704155096
-71.69049862430165
-42.90590147475752
-6.625555555515591
31.41289829305623
65.20645845861603
89.43412026432877
100.29469499163822
96.10317233960745
77.55206768452605
47.597231836307095
10.986918280040989
-26.490868202768443
-58.92343976046709
-81.2062409604842
-89.84624593552529
-83.50949312446475
-63.22693551499552
-32.22685754831212
4.578922926642134
41.37329931754834
72.35326148288183
92.64511413894377
99.07118549034458
90.64741234457982
68.7338911657524
36.815385899617574
-0.052802492674415724
-36.04549412692909
-65.48800903415703
-83.75084690925077
-87.97761129634095
-77.5317242198583
-54.09207544020039
-21.383271508449972
15.41618700467298
50.49376605698656
78.32099709661495
94.5247992830973
96.57469938632048
84.17795662112198
59.32090259696988
25.950739745260645
-10.651237954671778
-44.70547848201015
-70.84677876572013
-84.9695620368719
-84.872654316412
-70.60230139516577
-44.43998191695667
-10.537711959343431
25.740871032369274
58.66907917906768
83.06114975192067
95.08893003827849
92.88265587933331
76.82154293004369
49.469039444707185
15.163732784003855
-20.668811765739616
-52.37413013743188
-74.9611476799066
-84.8878711888293
-80.6168026449343
-62.852985259501736
-34.42784020986532
0.15210021558466558
35.41964732919884
65.81133265390723
86.54504653896686
94.3724911499131
88.08805258308722
68.71437800854966
39.336111229763674
4.608795700700404
-29.978874355238837
-58.97254766429051
-77.81234635675332
-83.54999403525619
-75.3101610332091
-54.42384148402282
-24.213465588460352
10.53557647372686
44.33294260267987
71.85081128044125
88.7637581869622
92.42863926687276
82.29761629280311
59.99979121463526
29.079327880622355
-5.567855351872129
-38.46929435237607
-64.44034552165176
-79.40118451914526
-81.01769480499384
-69.06557310437282
-45.4608622444682
-13.952861300672275
20.47137973838275
52.37639941926467
76.73656424811749
89.72769523600326
89.32738697492157
75.62978432587214
50.825833482086416
18.85289664858508
-15.230243742609627
-46.04378568800648
-68.73607432324053
-79.74749926002613
-77.36884712523808
-62.00653107449273
-36.1135524045421
-3.797863513689057
29.829348237377484
59.46206509804628
80.43667205018068
89.46591204716913
85.15405536226326
68.21255163704686
41.34286041143211
8.805723886835052
-24.254448497472605
-52.62295502265483
-71.83733494642587
-78.88931910033244
-72.69578161507287
-54.26496944247251
-26.53251911894283
6.106091560598915
38.49219786853104
65.51929500532198
82.9382089381184
88.02513568969025
80.00752429372359
60.181220393066994
31.701137877476004
-0.9207443051520761
-32.53018733414906
-58.145058835680516
-73.74059107337581
-76.8817629803418
-67.10344681056208
-45.978979850950026
-16.867102789031104
15.622045695008753
46.35698086656965
70.49536196587621
84.24690787081981
85.46854078028528
73.99831224059726
51.67608957497434
22.048507492060946
-10.19451137113355
-39.96214646415294
-62.56646428688995
-74.4606894359094
-73.79569713330005
-60.7074164018741
-37.2904849008547
-7.263085972058343
24.623412202905687
53.33628279694147
74.35576830268737
84.38653949340497
81.87429499192669
67.2465196405888
42.84012245369169
12.528147645715798
-18.89482157092687
-46.47104139990981
-65.8618127581524
-74.03010149930938
-69.71617621531841
-53.63177760832423
-28.342908677347182
2.13948504482426
32.995658845808315
59.3591443718691
77.08426179447918
83.39802100988672
77.33390314527432
59.879671320255625
33.81662945930866
3.2764636967058918
-26.9137289283554
-51.99439755640638
-68.02388972298876
-72.49790449879532
-64.74069802122335
-46.006936783483646
-19.278881122791425
11.208333704852759
40.637757733593226
64.37169919960338
78.68256152513321
81.33827482594413
71.95038050128873
52.03049448379916
24.747003049903928
-5.578861778252612
-34.157423518443366
-56.48704409752647
-69.06320920268824
-69.92852357334229
-58.97730356180529
-37.96737901718416
-10.238012190780903
19.820812261430763
47.4633839704997
68.33752326453757
79.16980411775565
78.27886047392369
65.83628805177375
43.83466914922031
15.76853970371387
-13.920630862384076
-40.54729899318721
-59.92131917127351
-69.0073254771387
-66.40026016905199
-52.542556181707575
-29.649418581330536
-1.3547699605231287
27.86556037279859
53.40184914055071
71.23769661861012
78.581725129864
74.30440653911717
59.11166422815453
35.42858769744406
7.012382139769755
-21.64367999801177
-46.02074967293643
-62.28698933099851
-67.89988886004811
-62.0036348592904
-45.55943473585635
-21.188976558279776
7.24350538204876
35.24394078342304
58.39876022282802
73.07058236917057
76.96959436989968
69.51087203909042
51.901888499051296
26.947159403017906
-1.3983876443842886
-28.65619703436547
-50.53169007800574
-63.59089047829282
-65.79946615936078
-56.83957520990717
-38.15517660183338
-12.719420909713218
15.438422538575628
41.87123364363887
62.41639910694495
73.85133250314412
74.39892751968513
64.00366892901627
44.335512794773734
18.521694456433295
-9.3504768973499
-34.88078925831247
-54.05079436888423
-63.856302016742205
-62.7781498680874
-51.01748127188694
-30.459106481200287
-4.369502614826677
23.12216908451582
47.67757523496083
65.43382246820926
73.61113432299291
70.94799965944243
57.89567908673272
36.542096581644714
10.277900096684375
-16.741907947102863
-40.25529035013072
-56.56545772964542
-63.12207000733167
-58.91998311883936
-44.65320268627456
-22.600486539026488
3.7385806378950734
30.19892800827059
52.60863125047556
67.44668628716745
72.3962152219183
66.70618904557436
51.30520025158492
28.650080720182284
2.3340190851603433
-23.483320795761212
-44.73329864457115
-58.07948619545416
-61.441498903690345
-54.319229944875154
-37.866962221655456
-14.70642246138852
11.490964340470985
36.58606221742495
56.625999255857245
68.46680368806906
70.26662713443407
61.77218174830287
44.353855940059155
20.784733996699853
-5.2008620874095595
-29.499035912298723
-48.28444357338052
-58.61252572130752
-58.8810348619578
-49.07852238726826
-30.781260826560626
-6.8998584979430255
18.78371481839708
42.215052523024674
59.707339454032336
68.52144895672497
67.29483521040439
56.25206948656895
37.16450433717556
13.066204444759913
-12.228311109278309
-34.72786485244412
-50.89438164648694
-58.19924534868375
-55.518766615718214
-43.306917446177316
-23.51879897059699
0.7023074685415578
25.524222248240967
47.032178884665434
61.846237323361954
67.65242451586587
63.56413802922085
50.257374179713835
29.85918057237887
5.6077053052304455
-18.661833304338032
-39.12366066808211
-52.56452772382705
-56.888293087436864
-51.44277243815611
-37.11789777717428
-16.200448180761345
7.9909602826630906
31.63237037467525
50.99893907496808
63.05180602411473
65.91491122544176
59.166948956908506
43.90303335751031
22.55710564955898
-1.48613724475043
-24.427923936246454
-42.65560446923623
-53.311531568019326
-54.74104653500517
-46.749343746370144
-30.62735037362109
-8.943305274166274
14.866329690465907
37.0414682451868
54.09220333065746
63.34804060345877
63.37612558295986
54.20297002161848
37.30538062821544
15.372793636504896
-8.120750585476594
-29.46687674312055
-45.308228900234624
-53.16651368446608
-51.83018325361319
-41.54111740966806
-23.951557253872526
-1.8588598736912338
21.23935601337688
41.69893344723595
56.30410792744447
62.77293991052242
60.113810177448315
48.77729091957186
30.580154904489866
8.414286563389554
-14.212875831521128
-33.73334031765541
-47.08118361563758
-52.174078186895834
-48.23809847462649
-35.92514978657725
-17.205231398192744
4.948696593711278
27.0328406287166
45.56672061251709
57.64169487696018
61.377415700564704
56.21458606018696
42.99844645039532
23.840571043721848
1.7815438729532955
-19.691604908723424
-37.19661825787422
-47.988752022675044
-50.391123816343395
-44.055199761818805
-30.010965924933735
-10.499629873355389
11.383995031489189
32.18236643993849
48.621493275985564
58.126309028654035
59.22401160695354
51.77219750399321
36.97646581308919
17.1954829955987
-4.434989745694601
-24.499181728206963
-39.84071333174704
-48.05913252904002
-47.88547723896502
-39.37810981408941
-23.908617215416612
-3.9407742702340283
17.361823749164685
36.636977586340855
50.85454147283727
57.792767703579905
56.38545744373837
46.8856809069211
30.82094677571424
10.747668496913143
-10.155617668938458
-28.5915587905599
-41.664120154554944
-47.333501235866194
-44.734375308710675
-34.3078096037752
-17.72678009981476
2.372193703653365
22.808255802409242
40.359611830637924
52.27145165525346
56.68832153064835
52.94308662955938
41.657490340718056
24.639186776186715
4.592261850350049
-15.312408978635258
-31.938704776970688
-42.67937500266899
-45.864876388446085
-41.022825067937845
-28.947754518517158
-11.570927218362666
8.348496346396344
27.66155369660419
43.32728330401189
52.891539545236384
54.87142834487838
48.98514636259058
36.1916124430841
18.53440153976201
-1.1846415839714695
-19.849987495158373
-34.524662925487256
-42.91237531563896
-43.71680789038146
-36.84187184371787
-23.40199610088684
-5.5416006612095465
13.907021759763625
31.872840525619704
45.53101751242799
52.747060346293296
52.41036479329612
44.60503150146595
30.59170300832924
12.60405984041282
-6.507188816363694
-23.726083314505015
-36.34736418030247
-42.40148510818018
-40.96191775563594
-32.28680685937077
-17.773341367681553
0.26718519909957106
18.977424700458137
35.406530720024904
46.97554464630698
51.88221425535448
49.3817026361805
39.89947390248709
24.959276754797646
6.938360625492978
-11.310763763919496
-26.911842102246972
-37.41820317214538
-41.19644586755741
-37.68031947985562
-27.455346307798948
-12.161580555608513
5.7693864336682275
23.501011544068803
38.24051774280936
47.67876122132639
50.35196839257891
45.868678595652945
34.9667192213472
19.391980359275518
1.6188759098851624
-15.542759876030232
-29.3918915658299
-37.761388973082575
-39.35711549833954
-33.95794592759491
-22.445813822342025
-6.661812505962304
10.888195978752812
27.431398306146914
40.36612022710419
47.67097384741617
48.22071905205271
41.95948796446474
29.9047229093763
13.981976976486674
-3.2826203225013
-19.16312179151146
-31.164168653761315
-37.41308620745506
-36.95206045026123
-29.884816434193418
-17.355357737743965
-1.3628947996907534
15.557115215020385
30.734934686718347
41.787792131187636
46.993942416213244
45.56082052899619
37.74553302793231
24.80939632982754
8.814468141269897
-7.705120439914177
-22.14465103490206
-32.23951504817859
-36.42036543495213
-34.05702828776232
-25.553274396947998
-12.278233472582357
3.6539567749182567
19.720815762279692
33.39089119591864
42.52260642487984
45.69974315959355
42.451008664499035
33.31965766256874
19.77293260735079
3.966376224671653
-11.599135644139636
-24.473074860094634
-32.641052361077314
-34.83998470000865
-30.75332960108971
-21.05622667550577
-7.304179807626378
8.316397751042498
23.33578035108284
35.39141051124287
42.59952555474122
43.84947481446733
38.9747486403891
28.774399255988723
14.882240030000235
-0.49479246822514167
-14.927223433272992
-26.146881417566256
-32.40335205237191
-32.737026718054
-27.126159296107502
-16.48541564031611
-2.5169158124060127
12.561995079645978
26.37071557980954
36.74122824357952
42.058475403591046
41.51183348941417
35.218537436234506
24.200288352659367
10.21750858198518
-4.511887257154054
-17.664284861167157
-27.176928390214314
-31.571418402528003
-30.183418304773525
-23.262887919011355
-11.929753713302691
2.007217277527254
16.33906288020188
28.80673339003782
37.457172183781076
40.949242607829014
38.761583731751934
31.270191717780268
19.684225185987458
5.850932538009736
-8.038842230931161
-19.797630446287368
-27.585836047385023
-30.199505841531355
-27.256360318068516
-19.251353767367547
-7.473748757698486
6.200447763221092
19.60728266187645
30.63730212685336
37.56745280068417
39.33021787456426
35.67795471179368
27.217151760013333
15.30796053412122
1.8456090438929853
-11.041185717953898
-21.326817596190917
-27.40717924548438
-28.349794513234897
-24.036697550347633
-15.178186113268783
-3.196046723160503
10.00458046139983
22.338100710014338
31.86797202725801
37.11076120554472
37.26701030670786
32.34299135497402
23.144831325767406
11.146706167390082
-1.745370703828467
-13.4963247527876
-22.263266336962293
-26.68449619907363
-26.090950100170097
-20.60725866593778
-11.127188929372597
0.8318844258510731
13.371804100138265
24.514899295463564
32.515883833412076
36.13519393169209
34.83095966207378
28.839890651218365
19.135042237942635
7.267897579268677
-4.879624626847859
-15.393603188381093
-22.62966390516943
-25.470134806090044
-23.496595616556526
-17.051196418006892
-7.17781308387451
4.54690823283835
16.26528793284182
26.13294234426525
32.60907289494284
34.69702665217244
32.09757491384247
25.25135325188693
15.264520723730913
3.7301287562783205
-7.525967977324573
-16.734136067104643
-22.45917231173039
-23.823959888154807
-20.643724072126947
-13.45035800320549
-3.4037430836640663
7.895192555183831
18.65956018908374
27.199100136033945
32.18558454628645
32.85936132879867
29.14492842414106
21.657979833849186
11.603580504072928
0.5822754970890314
-9.664681158383999
-17.530426745422684
-21.794456264891856
-21.811946861755388
-17.611081600286507
-9.8837145304599
0.12837786898347048
10.832986863790495
20.5406648880716
27.73136141571418
31.292419665720036
30.690673216794334
26.052035477932925
18.13674058208821
8.214915089407778
-2.1371797062404463
-11.287555645551077
-17.805777002353224
-20.686551790572565
-19.504689055516835
-14.477550823194168
-6.425877211427316
3.3600634400163463
13.327192848010096
21.906097472136373
27.758144942335704
29.984332092374434
28.263285610990675
22.8972488472621
14.75954453913565
5.1525688685456705
-4.400611901138692
-12.397720420817116
-17.593503889458745
-19.19359846554255
-16.97584710757758
-11.32056389419813
-3.1457260503854414
6.241922317952791
15.355720899015338
22.764523607656816
27.317425900199073
28.322501952145153
25.651801191067165
19.756697470988307
11.591933521713289
2.46109339183169
-6.191501515703177
-13.009255175794369
-16.935980342256872
-17.379460341632917
-14.300569598078848
-8.214573823685964
-0.10517455454585622
8.734404250241196
16.907628902811553
23.135289284297343
26.455695707131742
26.373110885827142
22.931519291556224
16.702797255628195
8.69192284948055
0.17490180815737588
-7.50446418415663
-13.146600246859482
-15.883519516609468
-15.312262353782572
-11.55391428606794
-5.229611375054949
2.641908657429322
10.80834280042393
17.983043663182098
23.047733957494383
25.226776520699417
24.205846653092447
20.176868382561103
13.802860450020441
6.109008311553111
-1.682169222769284
-8.345064812554595
-12.843776751901888
-14.493125391342353
-13.062870245165659
-8.809299027207327
-2.429953038308395
5.0506034537789155
12.445287378066595
18.592869129444015
22.540321864026435
23.690514122081176
21.892365581979213
17.459882503061984
11.117828049190509
3.8833556630457657
-3.0970845938011884
-8.729421953687293
-12.143433647444098
-12.827134348829514
-10.703342790794474
-6.137010656447245
0.12707661765624767
7.085652370259314
13.637620908786603
18.758289359261642
21.659609740564818
21.911374810866995
19.504741831333735
14.848749352312032
8.701147277136025
2.045185550830012
-4.067621082486374
-8.683612242192474
-11.095741363180178
-10.951774174221116
-8.305385346950265
-3.6027988443317778
2.392147507181671
8.721974249561868
14.388463364442087
18.51007774016823
20.459071939597052
19.956973441651478
17.11393242740565
12.406456236243557
6.597813427019405
0.6143631735869413
-4.602165091975339
-8.242888130639185
-9.75715425043016
-8.93566817452853
-5.9388334960171765
-1.266580200902073
4.324793733643101
9.94496988771279
14.711365198370638
17.887727365027004
18.997806321067692
17.896560751991487
14.78828652816987
10.189558112830113
4.843592249023655
-0.39980175227480963
-4.719303727385109
-7.4507254068032065
-8.189066259842559
-6.8483128918814415
-3.670194801534013
0.8187242613253449
5.894095895060559
10.750616015065628
14.6297984631206
16.938420550571955
17.339146263020872
15.799498656080656
12.592126370817603
8.24708961801431
3.464435724537095
-0.9985429584317043
-4.4472187969779515
-6.357719907876103
-6.456386006842234
-4.758558160057991
-1.5612754515479796
2.6081977455524834
7.079164907459814
11.145347762183947
14.176456965538986
15.715858253200993
15.549205649002678
13.733752202636598
10.584425888254644
6.619640223877713
2.476100508249566
-1.1934155798107984
-3.822896804738564
-5.020355430545266
-4.62605866315214
-2.733118027281245
0.33208312744403123
4.065764706542032
7.869419901048117
11.145733562082476
13.392380176548922
14.27897252693541
13.695384730181312
11.764426420570297
8.8176110660792
5.338608630820806
1.8839746181576542
-1.0058699229193833
-2.8911712345561247
-3.4996670243553947
-2.7655629092978717
-0.835140346996802
1.961134728088096
5.164841830941202
8.264656494466712
10.77795015557021
12.32591870422187
12.690547145725063
11.844865310144067
9.952375311863186
7.336503786442307
4.425649178498384
1.6831141706734818
-0.4666305198242968
-1.7036163622536993
-1.859825613773908
-0.9414114844951866
0.8771383641727946
3.2852054489529916
5.888791918314887
8.274905551669939
10.077068933114987
11.031561907317394
11.015773043908137
10.063123752414246
8.352908815659145
6.177428210180977
3.892319533235754
1.8584881584327935
0.38510659009515447
-0.3173144212843768
-0.16667119345007908
0.7823163268611539
2.351627863979678
4.272499830928925
6.23117322862675
7.920086309734268
9.086168204632349
9.568650626286068
9.320766289935062
8.412489865461794
7.014621686613621
5.367495730469302
3.7399352331099633
2.3854255165616376
1.5026421763052613
1.2064798519797826
1.5137773395176795
2.3453826240368216
3.54348607206654
4.900721624156486
6.195780589756254
7.229461469899013
7.8552890814034555
8.000000000001403
7.6710768826160045
6.950778786184324
5.978365937101664
4.924081242031207
3.959632908644329
3.2302550827090815
2.832888616465091
2.80375149324942
3.116807325691812
3.6927127582633554
4.416067547030415
5.1574981701810545
5.796478341202863
6.240905405611816
6.440255429974544
6.39045888626378
6.1302167374596
5.730021577444907
5.276385826846812
4.8544999661967365
4.532640211298573
4.351125588752164
4.317609465016593
4.409187286521555
4.580464235459069
4.775606297026463
4.941701028061475
5.040600972762936
5.056828962977133
5.000000000001184
4.90138076977359
4.8054334868616175
4.7582348127079985
4.79531840301753
4.931631390893497
5.155890413724639
5.430746738064347
5.698989586405457
5.894759862663496
5.957659480323657
5.846942756599135
5.5528143048989635
5.102281653158552
4.557958743120959
4.00952493764113
3.558975724189538
3.302086993803618
3.3094033759434804
3.6103664182673008
4.183835876363528
4.957263228991694
5.815305316830798
6.6169666021602005
7.218732259787442
7.49990206598531
7.385702931387365
6.863890665754274
5.991462621524052
4.889666850664048
3.7274629780049144
2.695634955654595
1.9755183547330777
1.7074613614094254
1.9644582339987258
2.735782371835614
3.9239675370689424
5.356357792308388
6.810008583197524
8.046379828900088
8.850423465246786
9.06766903616575
8.632957507855483
7.585600678987536
6.067803631172648
4.305868475531237
2.576569897594857
1.163678939060941
0.31146415601234967
0.18277931736029274
0.828883197453016
2.1764618389499923
4.034673435765212
6.1218187564521545
8.107972582261398
9.667136511297626
10.530669106739492
10.533248160260673
9.643548222280756
7.9740675172618145
5.76778213779803
3.3630374653651516
1.1417062706239451
-0.5314505311275175
-1.3685916196144348
-1.20797868631701
-0.04418014739505782
1.966210448678773
4.525011555673027
7.236496325263577
9.668566431535197
11.421604697090594
12.194036141726835
11.833856802257122
10.367376685328015
7.999889862451236
5.087404331513302
2.0832410607530134
-0.5325097767283333
-2.3296999957010094
-2.9987464691809116
-2.403588060795075
-0.6079714526459119
2.129842652499566
5.393870321947161
8.67351253147621
11.44342247019103
13.247640348157121
13.774524148909693
12.910181500895415
10.761299055261432
7.642999676942119
4.032902399538639
0.4980364055130977
-2.3942184945832166
-4.167177270659419
-4.5132750397642365
-3.3469907057625807
-0.8232241122094948
2.682544335070873
6.629907807900247
10.396786852558208
13.377464848012542
15.079955459757851
15.207055498622202
13.707753245095573
10.790167679276525
6.893204467550162
2.6206910362456948
-1.3521519490234715
-4.385421184914222
-5.977559087734997
-5.84811797062938
-3.986628309881839
-0.6591309403495096
3.629428442273034
8.211699501873428
12.361752806700482
15.410081175855446
16.85155858943093
16.428955765001582
14.178232355866694
10.427716046515894
5.750531439729963
0.877115880025511
-3.4188395289905475
-6.443215394182589
-7.693557719267467
-6.942346801088808
-4.2776725805131495
-0.09414399565267573
4.96529291898868
10.108092713699282
14.516252697399418
17.476415530108795
18.495240655546347
17.381396113625648
14.280578067725772
9.657269458438957
4.2253660538954225
-1.1620023148719465
-5.646459910049074
-8.501139726379584
-9.248418928385712
-7.739576911245839
-4.1831284448143915
0.8834075296398547
6.674586605429232
12.278761939796906
16.80159439522658
19.508758824085277
19.945077947927217
18.010769988400618
13.98207990706722
8.472266923269807
2.3383812017093377
-3.4520202400272186
-7.973495524204264
-10.490603302534613
-10.577422910690734
-8.189301297770612
-3.6747884768600176
2.274894195590841
8.73158498812142
14.674955835048364
19.153751038493738
21.438010693383372
21.13792386417324
18.269977498067632
13.259230376382174
6.876583145357538
0.12025700359196811
-5.940310193857831
-10.333740798425472
-12.342373246448567
-11.619359712973495
-8.248119300753821
-2.734019405771627
4.071167341835622
11.100773903655165
17.24042292049858
21.504681852493256
23.195185622838892
22.014860953863362
18.119592448628307
12.09842123166317
4.8846430508209
-2.388804974779074
-8.56726928729256
-12.65767462031246
-13.988092390209669
-12.317950932303937
-7.880836169405153
-1.352364504812539
6.252549970793361
13.737435514423824
19.912499848863185
23.783749976338743
24.712935095108964
22.522585418900345
17.5288889582899
10.496448739505272
2.521325007628815
-5.139765544150535
-11.267481960080552
-14.873917016706514
-15.361798688522615
-12.623190311179261
-7.061411555110288
0.46805109816445345
8.789039435002449
16.588427180343007
22.62334301185349
25.919211287695706
25.92705708284661
22.614697273830632
16.476706993722285
8.46081666858582
-0.17834730151640343
-8.075618579058997
-13.971015190269178
-16.9107432514402
-16.40141762160858
-12.492577139148462
-5.773737614144762
2.714321666708778
11.640720058875598
19.593140301989866
25.30128155698162
27.83974676256518
26.777964247315236
22.252870898800257
14.952138941122517
6.009829351070946
-3.169720575783371
-11.132433946224602
-16.604823242008603
-18.69762732849497
-17.05019915780439
-11.892218128213013
-4.01223034652255
5.36277447111101
14.758380020603143
22.684622869697556
27.872267534243544
29.476009926213155
27.212082747409653
21.40788269574375
12.955022427075797
3.172470883004565
-6.399227610992808
-14.24055483407994
-19.094236650051126
-20.166786149285752
-17.258071636080146
-10.79777562036062
-1.7822210434268015
8.379197799575353
18.084323093390687
25.79084637749798
30.261396956316588
30.762160460973593
27.183154597310224
20.060474953749086
10.496227981186998
-0.01192964388662432
-9.805291817707637
-17.325928720867115
-21.3645084212779
-21.25469533225647
-16.982886204294346
-9.195242575526706
0.8998617903585053
11.719281547518214
21.553362260338805
28.836095003860358
32.394474064402644
31.637355047558273
26.6534180230966
18.20203780354688
7.597733728871868
-3.4942431377863077
-13.319405836961334
-20.311548639615253
-23.342389175489505
-21.903547965885906
-16.191527191774885
-7.081527735042405
4.0065259887349525
15.329264730282691
25.09397883558202
31.742452571258664
34.199590073084224
32.04716703095679
25.59464223528658
15.835094248546453
4.292483058617154
-7.216288179633414
-16.867366289989608
-23.11897920822255
-24.957702173206222
-22.062628330667078
-14.860865977578747
-4.464837611070191
7.499466888756915
19.14678049985174
28.62962760419854
34.43136081615395
35.6086871412823
31.944907513924715
23.988995424495357
12.973576649865738
0.6240250606185374
-11.11177011868428
-20.370643729676434
-25.669940131024568
-26.144888903075632
-21.68957388139648
-12.97853850394307
-1.3648454631667848
11.330034367988358
23.10188561791928
32.08016568919082
36.82522096581381
36.55907829426884
31.29282197608056
21.829727563128966
9.642886659561935
-3.354058581704413
-15.10739679975751
-23.74786423399079
-27.88791857690851
-26.84449613320038
-20.75150050976204
-10.543529536528663
2.187358868993525
15.439910139443953
27.118257908138965
35.36338041482635
38.84900955712673
36.99489450704277
30.063138472308907
19.12165271252801
5.879734379883677
-7.578932714808682
-19.124152823390286
-26.91637684200653
-29.699781023042952
-27.004576068431312
-19.22596828237291
-7.5665500413372015
6.149540564090946
19.76198587912711
31.11454203876866
38.39658940534337
40.43187886606557
36.86843114717527
28.23894585032741
15.881418941744988
1.7317564139684993
-11.979482568065109
-23.078711218468435
-29.793879221441046
-31.03735483949191
-26.581972490183297
-17.10176743715407
-4.070197579500466
10.468811220871045
24.221429082565507
35.005821128468
41.09828457338671
41.508712257533034
36.14136745207689
25.81488320642955
12.137557605517515
-2.743083600006049
-16.477467462783025
-26.88495872426389
-32.30007260649453
-31.83895008704699
-25.543467469115086
-14.379507380508418
-0.08889335762842254
15.082334513767574
28.736920062224755
38.70518917310078
43.389790543358124
42.02160521843081
34.78583465996984
22.79762492639205
7.930307545203702
-7.47730447957486
-20.988836138535472
-30.455608582790546
-34.35831618208295
-32.050792708775695
-23.8667654085324
-11.07199471155701
4.331406548460554
19.918236691712806
33.22204026733039
42.1253972046472
45.19690744320233
41.92124379796472
32.78531079625024
19.206149085130036
3.311213704426302
-12.394915715222112
-25.42518237621932
-33.70387287447097
-35.89725073342439
-31.62834150685756
-21.541293764442536
-7.204389855177368
9.133724319309906
24.896708773458005
37.58678918772845
45.18054445291219
46.45150789800641
41.168153636032784
30.135322900569047
15.071780648461774
-1.657496374331843
-17.41260946651674
-29.69531685224746
-36.54516502494994
-36.85236153819582
-30.537462993707294
-18.56880275647697
-2.814135654745444
14.250792416506615
29.931283746002453
41.7392045454455
47.7877846176411
47.09305847579927
39.73379469238753
26.84394062116744
10.438004773516937
-6.903750751363756
-22.441117960562444
-33.706928798841936
-38.898802195741204
-37.1674511535221
-28.755440365484468
-14.963749685548883
2.0493448031709756
19.60599513665875
34.9302687763054
45.58705832741441
49.869016696269966
47.07003676723821
37.601479167499114
22.932048551917386
5.360049477686087
-12.34667470067226
-27.38671476668062
-37.36830911430216
-40.6896768655911
-36.795993934776135
-26.271795434408766
-10.75345705646294
7.325179850951537
25.114506524654164
39.798309457680915
49.03959950983643
51.35252966609196
46.3412167151116
34.767092894504806
18.43338838888109
-0.09575902603880948
-17.897820725170153
-32.15283560637615
-40.590105100319526
-41.84986702407311
-35.70234580200312
-23.088905334096697
-5.97803750910724
12.941805077499307
30.684607860082316
44.438060483827
52.00931310119049
52.1745706959779
44.876796727059165
31.23960363714736
13.394365877220201
-5.852861013899261
-23.46256847054657
-36.64179192740039
-43.28707602946787
-42.32015503658765
-33.86278491893915
-19.22239913298358
-0.6900825286161787
18.817934045694862
36.219164560789956
48.75193492244038
54.41366441165108
52.28080746025877
42.65934747782241
27.041343201670852
7.873621542567656
-11.825536706962911
-28.941672807586315
-40.756548469165764
-45.37981828559234
-42.05142639465513
-31.26636153738051
-14.70132310239305
5.045884031813228
24.86373072298665
41.6172392823256
52.64390248759023
56.1767972582152
51.62765653570448
39.6845591002072
22.208054006168716
1.9413682875434155
-17.92017345809297
-34.23293546041011
-44.40253451120998
-46.796428885345094
-41.00592122264564
-27.915538246944315
-9.56806723040356
11.154182488821899
30.98216676578111
46.775815285449454
56.02130591919163
57.231155145319256
50.1834517629969
35.96177063413328
16.78869468905604
-4.321496983566465
-24.036708051500288
-39.23297304939895
-47.489457456828056
-47.47407678443906
-39.1583135490236
-23.82660521106253
-3.87804958851299
17.548974746157906
37.07054334747647
51.59160184442464
58.79666379511804
57.51899531969767
47.92942881977045
31.514268101510456
10.845003415568161
-10.82449653881388
-30.070222188805623
-43.83905233790919
-49.93308688246701
-47.36045249253299
-36.49659593590266
-19.029858612238353
2.300840719899766
24.13546946126757
43.02215407066825
55.96289161865949
60.88942784469791
56.99376697659159
44.860505048419995
26.379341346304194
4.450821691091532
-17.468874747528396
-35.91266625802084
-47.95096186005846
-51.65697719379568
-46.41506815260943
-33.02275005671416
-13.569534415680842
8.889037139553217
30.8113180550912
48.72806271152374
59.79143854463501
62.22766311107314
55.621326774483855
40.98583676637768
20.60809376420382
-2.30881435540328
-24.149082054999667
-41.45468388680729
-51.47288799431781
-52.59409757672543
-44.610382362386304
-28.75318717258189
-7.503493628477676
15.796316750961491
37.46818111984441
54.078967158492624
62.98432395149797
62.74962012501246
53.38096717130402
36.32913981066198
14.26500318096772
-9.33880416429052
-30.754417896222797
-46.58750761569732
-54.31526295795378
-52.68833901255132
-41.93272659665253
-23.71894613171608
-0.9026594160267969
22.92303581265028
43.99344153845489
58.967118972095086
65.4557782816866
62.40516959638247
50.266235892519646
30.928762877477944
7.427236355987684
-16.535319403277096
-37.17080737147813
-51.20489433098086
-56.396552145773185
-51.89586972856846
-38.38301309263967
-17.965640445404194
6.149789329364755
30.161562838327637
50.27203774288929
63.28826654424871
67.12892601844769
61.15707198502904
46.28552803924062
24.837507251672484
0.18372381918020153
-23.787328320610943
-43.282683817086905
-55.20506790369564
-57.64494872976173
-50.18631255814238
-33.97720744058032
-11.553150116846432
13.559459160387872
37.39788865486913
56.18838805836628
66.94358890366331
67.93742218733787
58.982056655199514
41.462435893904726
18.12219071568606
-7.365994074832006
-30.978285528615658
-48.97494714489567
-58.492635815751726
-57.999944471873675
-47.543720258122015
-28.746552827002574
-4.555058149573412
21.222005057479066
44.51338954624243
61.628375051402905
69.84158681907253
67.82695010216757
55.87168811388015
35.83584532822549
10.862957716720194
-15.113134939664224
-37.987961780903134
-54.13496603550062
-60.980446433383534
-57.41374726948535
-43.96732783969194
-22.737536851773054
2.942164028131397
29.02459832962269
51.38671660030627
66.4813572607008
71.89989800736527
66.75655185202834
51.83300004231782
29.45977180215691
3.152342183478879
-22.941237203773536
-44.694385515136005
-58.654590788387026
-62.5913540202819
-55.852518032065326
-39.4720643665215
-16.011596018974412
10.84021368765212
36.84757880318445
57.89578179238682
70.64217467132883
73.04700396228722
64.69976535090564
46.8888814039842
22.402933200374477
-4.905906348843491
-30.72789561661692
-50.97586557048145
-62.43214288274159
-63.259859566672034
-53.29740205027441
-34.088810410575455
-8.644557320814988
19.030243720465243
44.56626722097996
63.91980920866786
74.01311381741763
73.22379717637378
61.64554456275268
41.078202796831945
14.748061115823402
-13.198218496203005
-38.34664374031397
-56.713062599884665
-65.3743471050773
-62.93359703705214
-49.74533302871247
-27.864391373710674
-0.7258207234088605
27.394362535524845
52.05291067563065
69.34141817406557
76.50579848080321
72.38497931994235
57.59894273255295
34.45567535309594
6.590956588466202
-21.602803891897192
-45.66895485009
-61.79107531773619
-67.3981724632148
-61.57463668948927
-45.209591366971225
-20.861301120080967
7.642709247109934
35.80732626767867
59.17873120713934
74.04870393575486
78.04297259789779
70.50026324340158
52.581542050417944
27.09143881164509
-1.9606993298871833
-29.991430674765255
-52.566330193406124
-66.10150688216594
-68.43254903149985
-59.160579666196824
-39.720102039730314
-13.157154753934666
16.347930301673763
44.138399069020195
65.81604545335529
77.93728098937605
78.56014319081858
67.555354451488
46.63161709713853
19.070379827859732
-10.788765558321957
-38.23135971634719
-58.9124415590196
-69.54447642822498
-68.4199293511068
-55.68542106313662
-33.323461488338346
-4.843873850067254
25.267070876813452
52.25335403900168
71.84042149550831
80.91225413599928
78.00705288867205
63.552690920910315
39.80402360604301
10.491186073474683
-19.7662728130717
-46.187404682426475
-64.58529362151464
-72.03054105501602
-67.3176650246133
-51.16016211237722
-26.08268723130394
3.9733880716258634
34.26941965983559
60.01658453558261
77.13283782368691
82.89008293107081
76.34895387917625
58.51192374938205
32.16980846284761
1.4651461415781832
-28.75924474157538
-53.72408643146108
-69.46937058451218
-73.48249442877866
-65.09917166967435
-45.613155904517534
-18.07668836264746
13.177567612895704
43.218231811890874
67.29329324923772
81.58180868528717
83.80030632961372
73.567657899167
52.47012508046356
23.815541383858754
-7.8852903625806
-37.62868230815421
-60.707848135398066
-73.45773126882074
-73.83700958824623
-61.75485839805583
-39.090175182846785
-9.399459665021974
22.641244600776904
51.97278420839476
73.95172455813777
85.08543999071699
83.58709603354863
69.66234009640063
45.48171398530733
14.842373292011978
-17.42817396792563
-46.23268222661491
-67.00929590745389
-76.45401699342283
-73.04609551236105
-57.29280142100925
-31.654195093674836
-0.1590066465053388
32.22840563819956
60.39054907491651
79.86540435259892
87.55338044366987
82.21060928672885
64.65007822815846
37.61809543448211
5.364830976685452
-27.02391518649123
-54.4286575140437
-72.50542866898382
-78.37433738148309
-71.07833950880641
-51.73914520009366
-23.384888311408613
9.523986657565908
41.79639369890211
68.3294529082451
84.91535074819278
88.90863363754194
79.64811461191266
58.56611265116652
28.96701209157416
-4.490637896699511
-36.52731687862421
-62.07562599575422
-77.08182050751331
-79.14900058533748
-67.91991047127568
-45.13821870753427
-14.377834601822588
19.51773086697279
51.19801588880401
75.6501855827091
88.99221891928778
89.08919850523937
75.89486720375756
51.46381684269205
19.63161333317208
-14.587351040719074
-45.78974966463562
-69.03653086600002
-80.63471888544606
-78.72405634923375
-63.57530149225093
-37.55235876966945
-4.743451569390116
29.68112495857797
60.28377841859037
82.21852308936612
91.99834368877484
88.04950770767556
70.96471433742292
43.414372709421066
9.729250573104434
-24.780286587410842
-54.66143805539124
-75.18055623706829
-83.0730227597958
-77.06262279287547
-58.06779415698696
-29.06143707370596
5.394342020085106
39.86574607498549
68.9042152071209
87.90762647065702
93.84964450654509
85.76163626866148
64.89041517064194
34.50614961950686
-0.6099874324454309
-34.918160650732126
-62.993822593741626
-80.38540001672965
-84.32010596403934
-74.14597077016944
-51.439631027163095
-19.762092150713304
15.89971441680734
49.91800741100107
76.9122744103326
92.60027921713409
94.4773590307534
82.21625597396967
57.723663648789625
24.843790861308456
-11.244981172590453
-44.84565771734011
-70.64196143953843
-84.5394664578156
-84.31545307098183
-69.97434309516916
-43.75188728695831
-9.766672432582391
26.626740291859598
59.6814529274027
84.16572558609009
96.19102569841112
93.82957367447574
77.4233147052828
49.53480780250677
14.547016014871927
-22.025506508084927
-54.40578117023799
-77.46693352982209
-87.54394133175504
-83.0160773781922
-64.56748978237485
-35.08403720264041
0.7980987580757217
37.42142700704188
68.99915487093912
90.52954919437416
98.58817411065212
91.87252216932002
71.41242392317034
40.41226348614878
3.7491524431279255
-32.79435404690379
-63.44228872397109
-83.33820473074123
-89.31471388857076
-80.39769360390133
-57.964904665454974
-25.533215867492586
11.792720764522677
48.123919623104264
77.71617780999294
95.87826971801802
99.71562893128605
88.59162639130022
64.2329418880509
30.46162546938838
-7.4045863068300335
-43.38961190302947
-71.80217554765834
-88.1359182880732
-89.78411156792124
-76.45562131141847
-50.22575327490213
-15.213181592315923
23.066755691892784
58.57085314609082
85.6820711697421
100.0981938864712
99.51451996226211
83.99225734886367
55.953744849253496
